3CAT-1
1 41732U 16051B   19282.76276560  .00000998  00000-0  40279-4 0  9993
2 41732  97.3692 198.5307 0013239 163.9828 252.3224 15.27063325175347



AALTO-1
1 42775U 17036L   19282.72345153 +.00000706 +00000-0 +34380-4 0  9999
2 42775 097.3373 336.7351 0014021 176.9786 183.1537 15.21466733127397



AAUSAT4
1 41460U 16025E   19282.82034821 +.00000679 +00000-0 +38167-4 0  9990
2 41460 098.0934 016.5450 0156381 330.1333 029.1035 15.07665734189711



AENEAS
1 38760U 12048C   19282.48676084 +.00000946 +00000+0 +64455-4 0  7965
2 38760  64.6616 195.7249 0136489 210.8866 148.4174 15.06108628126818



AIST-2D
1 41465U 16026B   19282.90443545 +.00001383 +00000-0 +44222-4 0  9994
2 41465 097.1746 175.1612 0012975 076.1361 055.0812 15.34012893192859